world: world
x: -519.5257454180997
y: 78.0
z: -153.1787275045473
yaw: -179.19348
pitch: 7.0499926
name: Base
lastowner: d665dda8-18be-49a7-abe9-1146c891ab85
