lastAccountName: TasThing
timestamps:
  login: 1592540193836
  logout: 1592540632424
  lastteleport: 1592540335990
ipAddress: 98.113.92.53
logoutlocation:
  world: world
  x: -625.1911254190859
  y: 147.0
  z: -146.5403046294255
  yaw: -308.04565
  pitch: 8.550012
lastlocation:
  world: world
  x: 1027.0658804819184
  y: 30.0
  z: 1766.4800819559023
  yaw: 16.800068
  pitch: 20.549997
homes:
  home:
    world: world
    x: -626.3761415492892
    y: 147.0
    z: -141.87687711994124
    yaw: 178.10701
    pitch: 34.199963
