lastAccountName: Kavinkul
timestamps:
  login: 1592443576332
  logout: 1592442866910
  lastteleport: 1592421874895
ipAddress: 69.247.69.19
logoutlocation:
  world: world
  x: -502.69999998807907
  y: 48.0
  z: -88.3502420001512
  yaw: -53.397736
  pitch: 40.649944
lastlocation:
  world: world
  x: 1184.0079458986709
  y: 78.8500000178814
  z: 215.1423614327642
  yaw: 181.08844
  pitch: 7.0499983
