lastAccountName: Kavinkul
timestamps:
  login: 1592531383697
  logout: 1592530919470
  lastteleport: 1592511286931
ipAddress: 69.247.69.19
logoutlocation:
  world: world
  x: 33.22111020362436
  y: 63.0
  z: 4999.120294765066
  yaw: 25.403467
  pitch: 34.199963
lastlocation:
  world: world
  x: -2992.5883116726536
  y: 61.0
  z: -608.2411402453824
  yaw: 98.096016
  pitch: 4.050004
