lastAccountName: Kavinkul
timestamps:
  login: 1592440715109
  logout: 1592442866910
  lastteleport: 1592421874895
ipAddress: 69.247.69.19
logoutlocation:
  world: world
  x: -502.69999998807907
  y: 48.0
  z: -88.3502420001512
  yaw: -53.397736
  pitch: 40.649944
lastlocation:
  world: world
  x: 325.45422084948643
  y: 63.0
  z: -99.78996994374013
  yaw: 141.07059
  pitch: 80.25003
