lastAccountName: Kavinkul
timestamps:
  login: 1592540848627
  logout: 1592541159778
  lastteleport: 1592511286931
ipAddress: 69.247.69.19
logoutlocation:
  world: world
  x: -9065.505727392505
  y: 80.0
  z: 14082.140573655426
  yaw: -266.04694
  pitch: 13.49998
lastlocation:
  world: world
  x: -8408.920966580563
  y: 62.228584504131845
  z: 13992.616419099195
  yaw: 52.10291
  pitch: 4.500006
