lastAccountName: Kavinkul
timestamps:
  login: 1592443576332
  logout: 1592454371273
  lastteleport: 1592453596735
ipAddress: 69.247.69.19
logoutlocation:
  world: world
  x: -497.51249998807907
  y: 78.0
  z: -92.26012769812141
  yaw: 45.50897
  pitch: 10.0500145
lastlocation:
  world: world
  x: 2957.300000011921
  y: 52.0
  z: 683.6944999880791
  yaw: 148.71579
  pitch: -39.90001
