lastAccountName: blananas2
timestamps:
  login: 1592431262289
  logout: 1592433151008
ipAddress: 45.17.1.46
logoutlocation:
  world: world
  x: -520.9425188987016
  y: 78.0
  z: -141.90491795480818
  yaw: -184.65118
  pitch: 12.449961
afk: false
