lastAccountName: OfficerJenny6903
timestamps:
  login: 1592440144242
  lastteleport: 1592440238968
  logout: 1592440334504
ipAddress: 191.31.3.119
lastlocation:
  world: world
  x: -441.3932593582804
  y: 63.0
  z: -102.95685260058194
  yaw: 163.1969
  pitch: -4.4999976
homes:
  home:
    world: world
    x: -446.5272978084234
    y: 47.0
    z: -103.5791524969463
    yaw: 197.70001
    pitch: -6.4500093
logoutlocation:
  world: world
  x: -523.562028375583
  y: 80.0
  z: -203.67830889967297
  yaw: -35.943417
  pitch: 11.100002
