lastAccountName: OfficerJenny6903
timestamps:
  login: 1592540867130
  lastteleport: 1592538671864
  logout: 1592540898977
ipAddress: 191.31.8.73
lastlocation:
  world: world
  x: -445.5
  y: 47.0
  z: -106.5
  yaw: 186.9
  pitch: -65.55
homes:
  home:
    world: world
    x: -445.9257649372361
    y: 47.0
    z: -103.90398642993756
    yaw: 348.2063
    pitch: 31.950006
logoutlocation:
  world: world
  x: -434.77726956473083
  y: 58.0
  z: -72.09754184091672
  yaw: 279.2998
  pitch: 13.650002
afk: false
