lastAccountName: OfficerJenny6903
timestamps:
  login: 1592525669130
  lastteleport: 1592536366071
  logout: 1592525634637
ipAddress: 191.31.8.73
lastlocation:
  world: world
  x: -445.5
  y: 47.0
  z: -106.5
  yaw: 21.3
  pitch: 2.85
homes:
  home:
    world: world
    x: -446.5272978084234
    y: 47.0
    z: -103.5791524969463
    yaw: 197.70001
    pitch: -6.4500093
logoutlocation:
  world: world
  x: -419.96424913058934
  y: 63.0
  z: -106.24248678409403
  yaw: -213.89856
  pitch: 49.79998
afk: false
