lastAccountName: Carbanion
timestamps:
  login: 1592540946078
  lastteleport: 1592540189686
  logout: 1592541062654
ipAddress: 73.46.178.40
lastlocation:
  world: world
  x: 1036.6842585891598
  y: 31.0
  z: 1733.8222088308771
  yaw: -145.05052
  pitch: 19.349918
logoutlocation:
  world: world
  x: 1034.0747838876196
  y: 31.0
  z: 1737.2463603687152
  yaw: -106.95047
  pitch: 15.599945
