lastAccountName: eXish
timestamps:
  login: 1592443916601
  lastteleport: 1592455768702
  logout: 1592442866915
ipAddress: 73.182.206.117
lastlocation:
  world: Redemption
  x: 32.14476519438444
  y: 56.07481154239998
  z: -168.07679112955128
  yaw: 149.52417
  pitch: 17.035807
homes:
  home:
    world: world
    x: -390.5003050480307
    y: 87.0
    z: -288.93551983146796
    yaw: -102.278564
    pitch: 13.057157
logoutlocation:
  world: world
  x: -404.47632595604364
  y: 86.0
  z: -294.88627723599205
  yaw: 55.75795
  pitch: 26.469086
afk: false
