lastAccountName: eXish
timestamps:
  login: 1592493702467
  lastteleport: 1592457720928
  logout: 1592493708218
ipAddress: 73.182.206.117
lastlocation:
  world: Redemption
  x: 24.644685927366567
  y: 56.0
  z: -150.29544753869322
  yaw: -65.63396
  pitch: 27.6423
homes:
  home:
    world: world
    x: -390.5003050480307
    y: 87.0
    z: -288.93551983146796
    yaw: -102.278564
    pitch: 13.057157
logoutlocation:
  world: world
  x: -512.5523395140514
  y: 78.0
  z: -136.59422807647059
  yaw: 99.66635
  pitch: 20.120169
afk: false
