lastAccountName: eXish
timestamps:
  login: 1592443916601
  lastteleport: 1592449662030
  logout: 1592442866915
ipAddress: 73.182.206.117
lastlocation:
  world: Redemption
  x: -36.08750950275763
  y: 56.0
  z: -143.84707428121663
  yaw: 34.593353
  pitch: 15.768733
homes:
  home:
    world: world
    x: -390.5003050480307
    y: 87.0
    z: -288.93551983146796
    yaw: -102.278564
    pitch: 13.057157
logoutlocation:
  world: world
  x: -404.47632595604364
  y: 86.0
  z: -294.88627723599205
  yaw: 55.75795
  pitch: 26.469086
afk: true
