lastAccountName: eXish
timestamps:
  login: 1592540841346
  lastteleport: 1592540727261
  logout: 1592540740420
ipAddress: 73.182.206.117
lastlocation:
  world: world
  x: -389.9647024157118
  y: 87.0
  z: -290.36800936949084
  yaw: 211.9696
  pitch: 17.187065
homes:
  home:
    world: world
    x: -390.5003050480307
    y: 87.0
    z: -288.93551983146796
    yaw: -102.278564
    pitch: 13.057157
logoutlocation:
  world: world
  x: -520.1559834819315
  y: 78.0
  z: -137.13733877191987
  yaw: 247.19684
  pitch: 10.901158
afk: false
socialspy: true
