lastAccountName: eXish
timestamps:
  login: 1592525693367
  lastteleport: 1592528427687
  logout: 1592525634635
ipAddress: 73.182.206.117
lastlocation:
  world: Redemption
  x: 30.9026192069986
  y: 56.0
  z: -145.07846570449814
  yaw: 241.26416
  pitch: 7.0735703
homes:
  home:
    world: world
    x: -390.5003050480307
    y: 87.0
    z: -288.93551983146796
    yaw: -102.278564
    pitch: 13.057157
logoutlocation:
  world: world
  x: -520.1559834819315
  y: 78.0
  z: -137.13733877191987
  yaw: 247.19684
  pitch: 10.901158
afk: false
