lastAccountName: Espik
timestamps:
  login: 1592446151471
  lastteleport: 1592451734797
ipAddress: 71.195.48.183
homes:
  home:
    world: world
    x: -1006.6999999880788
    y: 63.5625
    z: -505.839104978415
    yaw: -90.74487
    pitch: 20.780249
lastlocation:
  world: world
  x: -219.57065737558855
  y: 70.0
  z: 220.85458338675434
  yaw: -139.46587
  pitch: 22.465034
