lastAccountName: Espik
timestamps:
  login: 1592446151471
  lastteleport: 1592449871448
ipAddress: 71.195.48.183
homes:
  home:
    world: world
    x: -1006.6999999880788
    y: 63.5625
    z: -505.839104978415
    yaw: -90.74487
    pitch: 20.780249
lastlocation:
  world: world
  x: -1002.6523663163503
  y: 64.0
  z: -511.093005444355
  yaw: -187.33325
  pitch: 6.5257583
