lastAccountName: Espik
timestamps:
  login: 1592506838723
  lastteleport: 1592509611874
  logout: 1592509615537
ipAddress: 71.195.48.183
homes:
  home:
    world: world
    x: -1006.6999999880788
    y: 63.5625
    z: -505.839104978415
    yaw: -90.74487
    pitch: 20.780249
lastlocation:
  world: world
  x: -1007.5355350037227
  y: 65.0
  z: -493.0107038828003
  yaw: -286.32703
  pitch: 19.98203
logoutlocation:
  world: world
  x: -997.6918745391807
  y: 63.5
  z: -503.7113482269882
  yaw: -207.74562
  pitch: 2.7625916
