lastAccountName: Fartlicker777
timestamps:
  login: 1592540851417
  lastteleport: 1592539568022
  logout: 1592541098934
ipAddress: 24.160.7.216
lastlocation:
  world: world
  x: -520.2372474264848
  y: 78.0
  z: -139.1830122176385
  yaw: -33.39346
  pitch: 17.700022
logoutlocation:
  world: world
  x: -517.0182488205762
  y: 78.0
  z: -138.41706201798286
  yaw: -77.193474
  pitch: 5.4000216
