lastAccountName: Fartlicker777
timestamps:
  login: 1592430894813
  lastteleport: 1592382141431
  logout: 1592432211916
ipAddress: 24.160.7.216
lastlocation:
  world: world
  x: -621.2953495027839
  y: 148.5
  z: -152.6569580269973
  yaw: -97.79999
  pitch: 16.499998
logoutlocation:
  world: world
  x: -623.7244527427026
  y: 148.0
  z: -149.09739851912457
  yaw: 233.25
  pitch: 33.600006
